7.676488095238095388e-01
9.496428571428571219e-01
9.768154761904761507e-01
9.871428571428570997e-01
9.906845238095237649e-01
9.917261904761904834e-01
9.906249999999999778e-01
9.896130952380952639e-01
9.906845238095237649e-01
9.929761904761904567e-01
9.952678571428571486e-01
9.958035714285714546e-01
9.944940476190475831e-01
9.943452380952381153e-01
9.939583333333333881e-01
9.965476190476190155e-01
9.958630952380952417e-01
9.963392857142857606e-01
9.957738095238095610e-01
9.977380952380952017e-01
