6.996221970944177526e-01
1.584627638260523441e-01
7.480893799236842945e-02
4.096798638502757023e-02
3.014678523299239854e-02
2.564511715212748275e-02
2.770633421394796611e-02
3.136406758312313553e-02
2.756365264255908332e-02
1.995550974782201586e-02
1.457351680889370886e-02
1.291765325968819052e-02
1.618627006343255348e-02
1.868438152219390608e-02
1.747994146110223856e-02
1.215105945100298200e-02
1.350681560712733466e-02
1.169692911823014096e-02
1.360651291391280077e-02
7.197990646458319632e-03
